1,2,3,4,target
0.27816519634380227,-0.0392119119130476,1.0736699004387824,1.155115079186547,10.090694973888365
-0.09669215076950351,0.24463726502105085,1.5334667704772997,1.070406066039381,8.446726075497871
-1.3459401689844224,0.18678002724426945,-0.2882894433094522,0.8052201652389886,-67.954858950734
-0.11564915960420222,-0.9466363674448605,0.8743908542131038,0.41786930259761274,-10.095108048298126
-0.8824342788748043,-0.6477469262365095,0.20083445366333638,1.865688492451079,-49.3004693326965
-0.3300849805467162,-0.24815552130148527,-1.1073289324966549,-0.34160868594424126,-31.758820758887303
0.010770738489320105,-0.5934776237506197,0.9953279116576269,1.2434159672266092,-9.126730821059677
0.665247307098908,0.43121752453676776,0.08122787668639106,-1.9256610893756614,36.57133902710726
1.0247084602136545,0.09347571328342277,1.007749985336375,0.23978860608720598,37.04462552177413
0.3235075376337499,0.005050381374913638,1.982433990617201,1.1090735299668952,17.20301466148807
-1.0118386327407705,0.2708507970478797,-0.711763114732835,-0.5167379353497972,-42.01250100528823
0.06893030640749646,-0.30522074447708747,-0.5658748965741313,-0.5206706478807219,7.519101194052021
2.1578582346634674,-0.056179159120482026,-0.3186467807813758,1.2707456113419755,97.75535055767374
1.3202422310550306,-0.0017910776249998438,0.9416392095888461,-1.6340080859903106,55.94033359088037
1.0063989508192182,-0.08907999569396599,-0.6966502843982509,-0.14019379131005955,43.26416115881668
-0.15544492511355185,-0.7302411137190397,-0.7894530182829415,0.0051831714420601,-10.214990776186701
0.0691304412246817,0.1401352180220536,0.23425585678397276,0.6401312824613494,-0.6753324565969487
0.6331373254660164,0.055227525136470265,0.1783850835253523,1.170706693048876,26.37820978621114
-0.054808778126400635,0.3689929355321514,-0.24957364307108104,0.8161142826988345,0.645559997367986
-0.7997295935682673,0.439406089661023,-0.10277566408453033,-0.2132822526226705,-30.90826612835173
-1.121581253485311,0.13731536203634936,-0.48885858280808914,2.2584525928671937,-70.77947255532389
-1.625273019982131,0.008903179560759448,0.3420305709953846,0.6503684901722347,-67.21000433400069
-0.39886136629459296,1.1372769537673095,1.3902589427289742,0.7836519953332598,-27.59680727600322
-0.9878537888586136,-1.9785055166113583,-0.43646269656112646,0.2958889332589636,-39.988155454385165
-0.05061348991591755,-0.3374745240383511,-0.4574502321206383,0.3575366408866961,-1.4204106663637175
0.5191094183337922,-0.0006460522390903904,1.0566694416106337,-0.41319204667919857,16.985382166689323
-1.0385141343033177,-1.323821065411754,-0.5301168451854494,-0.5579726242535271,-48.29439209810697
0.6874024459442418,1.3570738981819779,1.696917387727145,0.5457884033263187,34.221721921550255
0.48958637311956726,-0.5495382437992534,-0.7453358396180693,0.6743670351863643,34.65441791519535
0.6387149170362739,0.6927810672416512,-0.12255572747848571,0.5403095872226955,13.550831883066628
-0.9360526467817473,-0.081572626934824,0.015862529311677333,0.2144253743558263,-54.19856069380744
1.4762823046318128,-0.13741678009216274,0.1962570430425238,-0.3168746101361248,79.79648387832083
-0.31569528547450165,0.4943209586589142,-0.6292740794013447,1.2027521675050605,-16.20671951445024
0.9191137736737802,-2.0239581990513327,0.03044988943636278,1.0929032084945967,56.357792112075586
1.0681283866688074,0.22774961641995667,0.28797802636943504,-0.8681767590218546,47.47227178598032
1.1705695646361503,-1.170673037228054,0.9235527075147189,-0.05800444265156273,58.654377543584665
0.42530546909822803,2.0965483583356805,1.6311294408898114,0.7515050601256641,25.322413326455727
0.40354305497138454,-0.8469360080108345,0.02280527678648817,-1.469960836690736,26.387183149913984
-0.10638537186438002,-0.17480373080141917,-0.3628583411822476,-0.1768708886669138,-0.17195099942256142
-1.5118109935975614,0.6064645009538586,0.6341112200178848,0.07816092949551683,-64.33050236203205
0.1069173291669488,0.9074304874147192,-1.6670982203739202,-1.2586218478789661,10.717532701143636
-1.0453612365817389,0.34441538272987715,1.046666912704737,-2.3454914307199997,-51.535107048359265
0.502209874589369,0.16369129415317288,1.7840123124877063,-1.6643089233643034,3.3596316739870495
-1.050917658682818,1.4640900239474237,0.9146726977510342,0.3154882051060607,-49.87966823640133
1.2088888567062004,-0.7799800114737316,-0.4361628408506665,-0.6476897811120678,65.7326966770678
1.9184268714536565,1.3170647918708525,-0.5278327712013994,-0.1925059628209278,91.365429849037
1.5259202517460888,-0.29445797845881455,-0.3060889380800654,0.11294431956210478,84.89266906168334
0.8105843312610228,-1.5195649872627872,-2.3241358310694045,1.5775119463070268,28.671736645129215
0.6799625049049873,1.1454515122280344,0.5865368622843627,-0.2987245225671785,54.50321868834949
0.46323174192832267,-2.5691589698814377,0.2295367766025554,-0.27967526217888333,36.57764062435669
0.026791278048049753,0.760162003252144,1.1155471850352265,-0.15187919192055535,3.3571474290351744
2.0218215300375575,-0.8999335791824274,0.8597640568184779,0.47844350065933827,98.66652553487464
-1.5150478327822456,-0.6429393658256394,0.5008604730050785,0.5542689548641158,-84.48716739469772
0.1538124739437133,-0.4266869754463454,-2.0487270125283437,-0.7159161750796917,8.202715591657869
0.8447713855054482,0.6749590048934568,0.04070890601445439,-1.4570830437621123,17.762627121587407
0.9958285804552347,-1.244936335763036,0.3299145876354529,0.3536693830817905,51.33470143159032
-0.17051193094249564,0.21294178649442794,-0.21351223433158495,1.195055734571294,-5.218032065850405
-0.8493130920004072,0.16328968600553062,-0.6872848471388185,0.0016832914880000442,-29.074174462717806
0.08793349283377956,0.2741714087315503,-1.7712447904937272,-0.3016334170593861,4.074441746119772
-0.4658773132975576,-0.6967712778907593,-0.342587641621385,1.550661944311816,-26.64171574801015
1.4445239110285857,0.6287342045995222,0.26651998958785666,0.32678475491153325,71.94055798260251
-1.653971746842708,0.9970609048783939,1.2185016380759377,2.218810509062197,-83.8782978339496
0.894464010523126,1.1753458890393247,-0.8893654108721692,0.1610304134387174,36.16807073768647
-1.1710085750288914,-0.29046076438297774,1.4364310128392248,-2.0556270654253095,-62.45630478822477
-1.5702660324575486,-0.2631141400493802,1.6421465540384645,-0.9858884409581216,-52.38186500689916
-0.88536425320636,-1.8974594977154202,0.47484896742646987,1.1511279669913916,-53.1054694268156
-0.23216628584101487,0.9387868940112085,1.8468046000220508,0.019056652878656655,-30.15716634694352
0.11487165490007036,0.5162162930228245,1.0205100276533725,-0.7408888261644978,15.285002786334868
-0.39017460899650297,-0.00948178054463806,-0.2968086122183131,1.4851137718768517,-22.991058030875063
-0.1883823897029032,0.5267178403416627,-0.676133633552954,0.1335656249310708,-6.304251296463939
0.30087915600969484,0.6048751820593706,1.1418182271749264,0.92668808765491,16.600541496008056
-0.0612525390869477,1.4746420271373437,-1.6488163157624272,0.17234467510996268,-8.035072403498344
1.16849800657815,0.06662248551176977,0.6711364101452372,0.022907297772971225,55.29299240089963
0.6957702668983604,0.6289278577494416,0.18540974374952657,0.5114432781515336,22.922151715281203
1.607175762234279,-0.44327470999035967,-0.21476767471528505,-0.28524044623868894,79.47348135956383
0.467456324576436,-0.3365855364303008,1.0726586530288436,-0.5930217244027559,25.756904705082967
-0.08435049841370486,-0.928775443236184,-0.33807255538673175,0.3958625967713151,-6.733267670732667
-1.124051166467478,-0.06165331353580913,-1.6164122723749226,-2.0817392274367172,-42.22784950320131
-0.28857145613539387,1.676778388181626,-0.9027345820840363,1.3102779061334429,-15.37958620074199
-0.1936771512915876,-0.04456525563913949,0.04720306655350887,-0.032317330310988615,8.70444436644561
-0.8150824071187952,-0.468199661707966,-0.06953334852224453,-0.6554294430731814,-39.509639134713495
-2.026765483678801,-0.9154004411848792,0.44168879683938356,-0.2853136345776763,-101.83745617161289
-0.4990233209266081,0.23038529443445496,-0.8909797266235516,1.025790854651114,-32.08377231457338
1.535502224573244,-0.8604924871603007,0.3234048634947426,-0.6397276810512981,94.36534339531869
0.2966664758794825,-0.925572237778204,-0.4247122410216131,0.5450631777803796,-0.3690115471901443
-0.5705595063342065,1.289606983702934,1.0501221518764565,1.4781679620629344,-35.29018407956713
0.13895457199819525,-0.9633909352090592,-1.6222201782230177,-0.16007703334023357,27.288571434080428
-0.41430614042929875,1.6064563759189427,-0.9581284333240968,-0.03307215136402694,-18.88283562186574
1.0426359072357478,-0.6574300039493771,-1.0437915535247309,-1.7442978665883457,59.10517700527636
-1.2562074268826005,0.3201892759990286,-0.5825477803862174,-1.9036374353314705,-44.76945817275801
-0.9938125461915368,1.0360503792745115,-0.31219872594443093,-1.132022013308943,-36.73399830158799
-1.0317126636787106,-0.9964221930406809,-1.0402433675449425,-0.04869479633163185,-52.67129329425042
-0.4415947153892593,-0.3977793855416897,-0.23785715955050452,1.1939615028805886,-36.91864723198678
0.6122757460903056,1.0177518264602674,-0.5854672544209728,0.46672672739019344,23.53437013477527
1.898479291075547,0.17581640089957015,1.8506309658362685,-0.47448960694847886,96.31071300057702
1.7610373448825063,1.7725254197163687,-2.0772527925704694,1.210055603787666,88.3382333151593
2.3621028535150788,1.3221381127541998,-0.8679692589281851,-1.2400088627363097,113.86697484135871
1.8247458473962717,0.9478273035638846,-0.26864600452243936,-1.9394305999901842,95.71875908008714
-0.05905002116238291,0.7140302772735231,0.30555673988991755,-0.8676037644522487,-4.232799180864253
-0.25570712490991765,0.8975279397058896,-0.4683493177913347,1.2277862654197562,-1.523411210087934
-0.07231223008312175,0.43391839952065836,1.1956350373895102,0.16310154886218892,-5.718500049945337
0.5727021574554555,2.0463885136229125,-0.4634636123133196,-1.8489143542638768,20.09013717423209
-2.393741088536829,0.31054791911000523,-1.1526979806366653,-0.5871394700113313,-93.32555944084643
-1.1526032435130633,0.21672848112059753,-1.8498306525351023,0.4746309975121197,-70.69256645572383
-0.6851128834959609,-0.16502429805850172,-1.8660692740287772,1.2455285212665579,-33.30636902897285
0.47533527704859135,-1.4528847863726453,-0.5749538764720576,2.653604400227277,24.96083517386169
-1.5797282076603543,0.39805849219918377,-0.32023372721148735,2.071857098553943,-82.45322063799401
1.27341838512561,-1.0486003503080503,0.11305675761405962,-0.30910198189561316,55.101561943294385
0.2716368821238106,-0.7583520531704596,-1.5546001281326822,1.2032080780989025,21.86765289705201
0.37126627838717063,1.5024941802301497,-0.7922175885879196,0.13041696160821573,15.775064387518224
-0.6067061698066102,1.4296113874902436,-0.6594541398096967,0.5381281132748538,-32.26684281878797
0.43616512918381295,-0.3832923278708192,1.2306336293286184,0.9383523139133395,13.974544594700566
-0.6832995890290277,1.1986449694448797,0.5582835975065141,1.0299321207514853,-32.0036418676739
1.6290403728664005,0.8756922938099649,1.1906031226799287,-0.3772914832908565,77.84751104007672
-0.9864395454194995,-1.447047011978135,1.2015940822135278,-1.1010478593132897,-29.00799723440117
0.7460904065560319,0.2920216450288204,0.42236999174941947,-0.47620395106425756,53.01339707053448
0.15722293510897584,0.39601608176223585,2.1547825473816173,-0.5649270080415075,15.47196315089809
1.4367932991664372,-0.10541345944385057,0.06559163257592175,0.9301499862828251,53.86271943091823
0.09251882813900146,1.587128339453209,-1.339211977120471,1.0550935695188204,0.6446525196633948
0.4204718465358423,0.11503378423648887,1.0418922535454018,1.1689611515238492,22.57645823666078
-0.2767868293135315,2.823765720890353,1.501217193876451,-1.1697952851827007,-20.916801849309415
2.483400252353738,-1.8939871161194897,0.4735716698654599,0.5004771926982956,112.45775669735966
0.4327870338108388,-0.053883776793516795,-0.4836348713207138,-0.9471523829125719,22.26111194579538
0.5322136478014095,0.15817755508237416,0.40970102943585807,-0.6991783782081252,20.256108009683796
-0.7965727557483947,1.2442164895478498,-1.2468778496283164,-3.209441032362502,-44.49696133467354
-0.386571378788776,-0.03944976757936085,-0.6892048010700818,0.7132803595920428,-22.30106423413166
0.8584190434931389,-0.2702266643944606,-0.11489406868166802,-0.4350614714475683,26.843016811571818
-0.10436042255245546,0.9154465525750638,0.5620186710956129,-1.4701038429063191,2.4857863787046686
-0.823639163272425,-0.15116839797038106,0.16944490986933422,-1.7261192772196252,-35.97847290129247
0.5279109654122202,-0.989841846631641,1.8036926040519417,-0.79000797994995,7.016373471940142
-1.8646911634462586,-0.8432585288097799,0.5393771501293526,-0.19684735279986257,-85.67802879347238
0.49966069315966505,-0.10152191991536058,0.297341522948884,1.0637884442927963,5.475004411451234
0.9249746264834149,0.3026307339444021,-0.6877584878503551,0.4073202860169524,50.317243748317345
0.07406588235290217,-0.3507606324748726,-0.9471346524911259,0.15465148307802143,16.336005784901026
1.8920570607951008,-0.3205488643077559,-0.4474060872336602,0.7464409496416439,91.44979956691769
0.8152736018253155,0.23426571266170365,-0.39288194736179555,-0.3345956165901069,39.942274042087135
-1.6532322306423213,-1.280295448255489,-1.5534004045526326,1.0205978422649187,-75.08587417006002
2.1929943784379287,0.3956716467749531,-1.1810593383388301,-0.8424606827621366,98.73812197676483
1.1641757474723573,-0.7603874294361486,-0.6021045400796647,0.5139867914675144,55.67381840093992
0.4269613452499232,-0.4855161963891608,1.1854831205114784,-0.7481756492898645,7.8787034703065775
-1.1052696145869672,-0.6223103314790579,1.8346167530638833,-0.009411220078179454,-26.004920796121727
1.4124356152478699,-0.4787131119485147,-1.1761159911018786,-0.6500766565154921,63.811301442383744
0.3006412015101764,-1.3320137244891972,0.06259751115493288,1.6819077746838116,19.92344706237182
0.31941383348033137,0.27946902021195963,-0.48188504028426044,1.901678953070722,17.29073778731818
1.4783736040231357,-0.3300907848742078,-0.15758661073699812,1.0736093828471696,75.95821051306687
-0.01992996733975626,-0.29807625945742144,1.1283073594938764,-1.5856459710803184,3.95109039207097
0.864598535790311,0.8496855457816416,-2.052665428620815,-0.34767794327838747,39.68752937954687
0.08525696711385537,1.5077428277362923,0.4967206400620338,-0.954301549817376,5.933528694273075
0.11439095091092627,-0.13678726025597637,-0.7923191485141866,2.100049235607235,21.126348410002027
1.5949097880548289,-0.5983702313035304,-0.04779964562937644,2.223350660368999,60.28314189660512
-0.8381129771957431,-0.7064947269265347,0.964340298546881,-0.5195000335552312,-27.781364486928734
1.1065799005910804,0.547023979870217,-1.3200970867619097,1.6747520281350952,73.85271179085547
0.654850429013775,0.4822841081719013,-0.19012415890118095,0.29203726031194105,30.843682942651135
0.6242703588789217,-0.9070731788821176,-0.41996330892643075,-0.578158491783584,36.5131569320685
0.5618963343322779,-0.34791000479572454,-0.20010379248480506,-0.24409958521100558,36.494174569142686
0.5828353579795665,-0.939937450318412,-0.7970805926063592,-0.38661987729061736,29.360190585902735
1.761391885648161,-0.3489580638697337,0.5892465968738695,-1.558734550240914,77.45962566465955
0.4878927719525022,0.7186710971298494,-0.10536988160768751,-0.6765961774494534,40.44417538854738
2.080617355683843,0.7420903298081731,0.806240106534348,-0.7457719188254627,89.8383864902582
1.4956766133487078,0.28852671441498773,0.7257548262585845,1.105211721300062,62.17365058030163
-0.8035880153501519,0.1263910942607377,0.8012097933343838,-0.3739690496265038,-31.484970595418893
0.9921849722969996,0.8578562384508651,0.0012172385890790104,-0.858623181132851,46.90343657443451
1.5159790004625686,0.8678588953227871,0.2892204775690993,-1.0796749612201466,62.92031442805211
-1.4304018602893278,-0.49138841623155344,-0.754991871968566,0.19907103790383654,-68.47678366793666
0.9454893668630746,-0.4752227370624709,0.7199540913278829,-0.8323072848926615,46.868348170997706
0.9333802175725214,0.9151028101461623,0.7395351437774358,0.628890566052037,17.345535621217344
-1.197640893826527,0.8131253593040254,-1.0816508508157956,-1.2304962940613893,-51.12080045026703
-0.2917381608472605,2.2851021709839054,1.4135353107093993,0.9766619079666917,-2.4326161215294206
1.415875501201509,-0.011228698520002571,-0.021241208091445706,-0.6571985759764928,73.44884457096614
0.40945463670482035,-0.39308200317454506,1.0997383328523733,-0.4035923250778437,15.775787008938496
-1.7847561822690359,-1.238923247406591,-0.5920243541855048,-0.42981262756704874,-89.14326907653032
0.3187970711676296,1.357254549094793,-0.7404182668981704,1.3445493813906946,2.8416685997597693
0.7940741199312501,-0.13589913369942572,-1.1339841540082105,2.146961106629901,44.80871951877482
1.0662665259510054,0.1616296708128997,0.004809474303962957,-0.9817389346767394,25.7536765666827
1.2151707026771381,-1.1468205471942574,0.8534057739453824,-0.4607541215711156,74.76547085832397
3.0569320267283975,-2.5519310264645796,-1.3059888979531014,-1.2408840053007593,155.10737286734283
1.244549790606333,1.1212325326066126,-0.004651056412673065,-0.33575258004824127,51.36906607302952
-0.8958110692895849,-1.0164495813705776,-0.8262412857678489,-0.00914009923392793,-61.91839215043284
1.3573614831651457,0.2871176752071567,-0.5624127845376361,-1.2245383723663135,59.84740672149168
-0.9536940687831031,0.9115732481220267,-0.8564202436861161,1.2411007926649669,-42.13660634544974
-1.7832798782448867,1.6403081089012514,0.34271051197948194,-1.2615761352852495,-82.49749577643308
-0.07143159101205744,1.5970136801576118,-1.114938597575163,2.1175353067948977,-2.1331021815565387
-0.558887418491136,0.12533349715591077,-0.9114077820630904,-1.82025139359653,-33.243839726484175
-0.32156204614451345,0.2014052407286256,1.1166720864100677,2.330971000423528,-13.43000916017889
-0.5517647560646666,-0.1506275742003344,1.5241322478276291,1.0517825364972138,-29.58662040012077
-0.37238385302005195,1.6172352100494631,-0.5865471529404294,0.40536388329988465,-19.494999138550423
0.04271153124277214,-0.5173636255029225,0.4223324360548303,0.1787689868731275,10.4301528308205
2.2704156214503137,-0.9801434439716625,0.35555180702966344,0.5549478113818822,107.32054681202946
-0.34947996996984243,-1.181930192878761,-0.7886743077835265,0.6608971169209324,-1.480722312928135
0.3197613683888515,0.6371887303606205,-0.9128077603504104,0.0988571039667347,23.521693306804124
-0.670263421115974,1.7836603381100433,-1.5723310795717924,0.5975964915964536,-31.633205167568182
-0.3435174134373984,1.0991194557925716,-0.36971931616093356,0.6148749801556763,-33.15575005026242
-0.5372948959565599,-0.30232095677333465,0.24575939758852697,-0.5168375617923354,-28.40746391511745
1.0133140336974835,2.7541689114717602,0.31827459122264357,-0.7155981127810825,55.12537070753092
-0.43661325270827533,-0.49305918498951434,1.4918573361724075,-1.151127305484699,-18.126506393222623
0.20806121505340264,0.1414829264449419,0.15154018718436385,0.24287462533474025,13.082514113508338
0.6991448052137191,-0.0602641794020182,-1.7492739927566163,0.17436028790959884,34.78881912599846
-2.5249305802049613,0.22970353858132353,-0.7184518776959236,-1.0283555676727094,-120.9220073919938
0.1467487854180058,1.4715050938075342,0.10298128565350018,-0.7206335327344102,31.49647548623856
0.18758923763803753,-1.9725178389335754,1.0289783730768947,-1.0425008982203166,0.5531896829431631
-0.09090724826510772,-0.5149368667118983,0.17615049469091132,0.8353184558371024,9.68666998993423
-0.48448288463287864,2.0331551742269194,-0.2946233025230003,-0.04013676041019946,-25.974682388015477
1.2943140379296318,-1.3879974658571006,-0.2969530284231937,0.4538005689668352,47.77216750367434
-0.8980741463948447,1.2003235231456701,0.5362248968835454,0.5290809582496403,-47.4956568828867
-1.0061803606145032,0.06348078283389952,-0.050636802890486436,1.5308872303098369,-23.953879749552257
0.6643276316927041,-0.4359220037795247,1.212082983403437,0.6474871182254552,40.633508727809186
-0.20420217018378534,0.4151844605639856,0.4540977598396006,-0.31982153635908706,-4.49177361853436
1.3925700482081498,0.22682103881459342,-1.295055379070282,1.730648874682387,61.94024537372727
-0.08091677592739036,-0.3071226187855722,0.38031668445841954,0.9763404846883349,-15.1411325122798
-3.2362061174912196,2.0345479347549262,-0.25506740938960654,1.2575262341700622,-172.33595745737068
-0.16613603769767815,0.7050943147780382,-2.165562039558854,0.45719980859641013,8.907936140744976
-0.33779345709353065,-0.1239284656423601,-0.4642596843155838,0.5670849799715987,-14.7950410101169
-1.5391594760800116,-0.4653997120868968,0.20301004798366715,-2.0782619112479246,-70.8014264548001
0.5828901727705267,-0.5844286726288124,1.2790361438262239,0.7751124472492029,11.144789670939758
-0.8641427077951923,0.19316078775275086,1.6936615421775703,1.2687144273332516,-31.216693418982956
0.6966841058432038,0.18827127845857322,-1.017219131977493,0.57136551923142,30.46747280623997
-0.5385854044715894,-0.2721737695135226,1.2387745243408135,-1.0676348236368374,-19.61633621209876
-1.253596169205352,-0.2454024765456621,-0.5441722826440321,1.403712502566049,-66.7325741553287
-0.014769691569359757,0.8198987102595648,-1.1081007207647104,2.506357991866485,-6.6887732107700675
-0.1140565992542982,0.8412713199406915,-0.18865406994733394,0.17666866239363982,-2.547098682904885
-1.3438811784242108,-0.23161129234174058,-0.1715368163196508,0.10229899339980572,-41.665719338198656
1.4165554321366578,0.08703088236996415,0.7230251141575312,-0.3628269445692214,65.92837201393844
-1.6344115752069157,-0.5046827321005047,-0.32113810670557447,-1.3619121488015018,-79.68568874915559
0.04177412285759556,0.7321230962289309,-1.037227417266539,-0.6127021558055687,12.087382215148624
1.0014682275164757,0.40778209667386073,-0.1500518053946199,1.0480365603682962,55.455280078688105
-1.508127450931541,1.1585029545953596,-0.08080942473486344,0.013311966213333547,-67.76859972206691
-1.6577473817034891,-0.7435600577582172,0.7521376847882538,-0.06517939188041033,-61.25699407832442
-0.16008442258054634,-0.6277395981695016,-2.0567699975652762,-1.2851307056098356,-11.687497292827683
-0.12208055942536027,-0.5907745298210005,1.2606952019200133,1.563225064758186,-8.17008451133847
0.268383462854182,-0.7034358771189957,0.3054924658461781,2.352874687883559,18.411684083317798
1.4446745575513669,-0.7109992522723052,0.7563049369118254,-0.4779605275716024,65.62395773300996
1.145022672372763,0.0246454174440149,1.535208661753646,-2.11660624354622,60.9265113494946
-0.42513837071806426,0.4159128875938603,0.3725298034745604,-0.3062942162198834,-25.764004103876132
0.9263862619327391,0.29885566100253314,1.228432389631977,-0.6474585541082233,54.6630090517497
-0.800536490908605,-0.05042013492181046,-0.04233893569295633,2.2512990113410574,-43.300038019748634
-0.9556464601487874,0.4361564331467013,-0.8929816533142929,-0.5155581176500303,-34.828150146021365
-0.2918909584245541,-1.065744381260101,0.7694796594874478,-0.16377772625102183,-16.818200653035845
-1.0383382812979054,-1.3238842098999415,-1.0145554420659106,-0.8130324220180614,-45.130401326196484
-1.0359540878325866,-1.2752230777819478,0.8857322500080335,-0.428038491518645,-53.004997983913334
0.4908011603021047,-1.1972378449010899,-0.8507557490415197,0.30317985988110957,23.782675943771064
1.1482417398026556,-0.04870924941960115,1.1351649416499787,-0.9610395989889177,49.93535029439212
0.039416792378489454,-0.7312397875566216,1.6462030901441864,0.021190626361970367,6.541551782143642
-0.33548157082997665,-0.025875435526292668,-0.382686318388165,-1.1485664000563984,-20.179247227210478
0.23315258271115397,-2.6826712170621265,0.5216862394421967,0.9185171527089359,7.8553628649241904
0.4681837334492977,0.3144778261793566,-1.522725067786797,-0.41888846225020204,11.74912756911103
-0.21728501458494473,1.1692582483301435,-1.046418389400098,0.5174659706044706,-24.155029149268834
0.6676467651331607,0.5933286021349484,-0.47238694678284276,0.22718537296153116,43.980839918724584
-1.1054950019691918,-0.5886507185306221,0.012721607733554834,-0.2618178521368011,-56.02511985076485
1.4684472530258346,1.0013037509081109,0.9662089208065774,-0.6516700336413196,66.08718634044378
1.2896082147714403,0.4859989556091503,0.8177820863779297,-1.1607853836737376,61.10940650776872
0.473259680151162,-1.1385722006403507,1.8297460052326366,1.4385080584910488,35.514160710153654
0.20469687149819565,2.5074189439408108,-0.25744691942345244,1.112176949562687,14.94385963318571
2.139578643689025,0.1029911237740896,1.7193808131178556,1.5349802593635276,97.054824032084
0.23336840030767936,0.2834972936843631,-0.2688010719118683,-0.3591563463974867,7.542741436766711
0.062155901294523606,1.6952299443984176,-0.23079006344896377,-0.07772488989188196,-7.632181062494552
0.6692347168838451,1.5471921412611527,-0.2514748010103083,-1.1333109056699389,46.58685455802943
0.19664756582832943,0.4631449521356851,-0.047291458381052726,0.9108500139883768,-1.3866608974987127
0.6265803386200317,1.4413648668547738,-0.08231889802430845,1.2308210318165378,34.24819963340926
0.3126258792942452,-0.448559130616965,1.0905385056899661,0.0377669287366115,11.069332159311966
-2.0636785490180243,0.9249765283290227,0.44604311911255307,1.7193810792114133,-92.81428296358193
2.940310559810993,1.6707994261544796,0.02600866296560924,0.1597270990762638,129.13323046807292
-1.6423318862333554,0.37262681331358355,0.5398167721404598,0.006558912347357139,-70.7022329585674
0.463369324691068,0.9816796568509392,0.4362492935884377,-0.43012097151858864,27.87523393877963
-2.07592170291664,1.6612292184446937,0.8298845769375485,-0.6656452211175455,-87.52145108908546
1.3427052892570233,-0.6711113495200335,-1.8830655806396528,0.11706007806657441,47.903097437056374
0.7321476349091325,-0.06595551985588537,-0.7110064671638486,-1.7912724152719655,20.465207853319587
1.4272360342002477,1.3300914859836022,-0.37401319778820225,0.18253093583255886,74.1564779118172
-0.3478730886366231,-1.223042807154136,1.0740522471527978,-0.43713205323863663,-3.192974644765542
-1.2208884586230813,-1.8819044469315256,0.7293510442486927,0.5874940704700311,-52.97492779697505
-1.0239951903398483,0.6586869042823273,1.0188130767562618,-2.2979484910505654,-59.84489752279901
-0.5699934773497792,1.2133129471065416,-1.5125529472114798,0.5182463564887475,-44.80858923093426
0.16812082360747277,1.0243868056407224,-0.0934856765020308,-0.08593978440110185,-2.068196573354598
0.5912673589105502,-1.0269147185744567,0.17190157287422084,1.362431535000605,44.06802671287291
-1.6271530846706501,1.3363241513575617,2.261640039630183,-0.2831264695094287,-73.47055230907637
1.2927208922622664,0.7857168123300313,-1.7836260447164325,1.2868914635108928,56.22733600829467
0.695980909117026,0.48370245710230775,-0.7547758264410798,-0.8656557673779953,15.561779712408551
0.900438416012976,1.0854187439832317,-1.4642692144781508,-0.3832534358511397,36.52100251824693
-0.30247480717896114,-1.7002432879824207,-1.6325162600410847,0.2679729610547577,-2.6846982495032474
0.3365354821821771,-1.1953876514931676,1.6322662396618945,0.2919775418915919,17.858392650473927
-1.0637409545176915,-0.1398250790984226,0.5757019194861421,0.7618010044010618,-55.741934927642646
-0.7854125507430666,-1.3079307723606313,-1.375881334084202,0.20196368109922572,-34.49921181478332
2.2393257473498056,-0.39118189098441636,-0.7503883811074026,-1.8819949564708038,96.5138663480918
-0.6128930395889756,-1.1782182224604578,-0.832000461980529,-0.07590122446639865,-40.99147661747773
-1.344257046449673,0.3432414303367913,-0.36237256407575313,1.653614416817522,-60.592187455664515
-0.3078071404758842,-0.9730530474130747,0.1587665024308465,0.5326965923255177,-15.460410978076881
1.2006291287495539,-0.2833847401660944,1.361680322660904,-1.8749501940621003,51.74710400390241
-0.43632519248102214,-1.4254959649135002,2.5732647595264293,-0.21286203656270228,-22.621079837646764
1.4352243881144615,0.4410990559925774,-0.48770212740663554,-0.5695305057873892,46.95894364537065
-1.5768856756995429,-0.10792778385587785,0.5886714478689149,-0.27104444831373525,-66.6175840090085
-0.310329454299091,-0.44033647255166813,-1.4877234716226708,-0.11271263345312729,4.209131135075982
-0.5520898802894838,-0.27339613068823043,-0.733530517027983,-0.15096816849137765,-30.02208860225915
-0.027459337242628362,0.21656789667911944,-0.7137080250739437,-0.4951058727899798,-8.367383281145106
-0.9826595788884418,0.14175926469539754,-0.6632937349767729,-1.1079312158949568,-52.417515068544716
0.46426121349548627,-0.174334051085217,0.5603716712251081,0.040992708454958775,4.04832050032401
-0.5635588652265983,-0.14068700050338614,1.1668310564754303,-1.0675547451360259,-16.22524061428431
0.25408052591258024,-0.1293679672284016,-1.113652932050628,-0.4351272336672621,11.706129363909701
-0.7944185807711462,-0.05660411999158351,-0.4973373023975726,0.6261822424346912,-44.935767459623456
-0.26815881618757936,0.23249009056515246,0.757666862189503,0.006616016591257487,-4.7068222876566415
-2.144259089373844,0.6001721303479237,-0.23638616280076621,0.5316477705112087,-108.78393848779957
0.3313039019041013,1.2748252906698367,0.5904297742947617,-0.5577905801959331,15.897255631052357
-1.4455905664650928,-2.087080069513786,0.6706260401845767,0.2566728835848036,-68.69590182088093
-0.5122612917250705,1.8188914441869806,1.7884852709676107,1.618517430948148,-17.060094567042665
0.9770257579003647,0.5550047251469336,1.1433161197091304,1.4373189535665853,47.6367753408154
-0.24917967936748542,-0.4730410016926404,1.0934049934496812,-0.6241274855741121,-7.621495337164703
0.4462485574257118,-1.1825988330575767,-1.1149236307984056,-0.10201935834483918,5.715398807699785
1.3655424124759845,0.11445640121665379,-0.2940803544585076,0.9245893299508402,63.10450778470221
1.0049435382008853,0.6914162791149805,1.8146405149981584,0.9736025043899409,51.13300954911899
-0.048850524890390615,-2.2579461097505664,0.7366526229563384,-1.0828254161292408,-2.7916871648139763
-2.6267380024464004,-0.9283849436484584,-1.065997392203997,0.6454582748937784,-121.75958001480898
2.7099961578822684,1.1498198452933879,-1.7433913605584044,0.6661909647555513,104.56543003642508
0.30277012105723333,0.7288207503425955,-0.7330567360859375,-0.16316249516668233,15.67057502821254
-0.2930192949001828,-0.8787777620814033,0.5596093716142938,-0.17644380369143703,2.3946556441263596
0.852779289635525,0.7820645443420335,-1.1614122973120944,-0.27156389654284036,47.72454632507668
-0.5768197374151787,1.1184099132919012,1.3346841432012837,1.0053326231126771,-27.881578643639024
-0.2445046303137824,-1.4715451853433796,-1.1871780452932348,-0.9410525956080881,-22.480351085789625
0.8398455444001266,-0.6332739117451647,0.49824449624133016,0.24658341197490533,38.30359539730819
1.64637202303007,1.0660624368627787,-1.6764566052652707,-0.6401358797067999,68.67052866291861
0.47961834693102484,-0.5068369627369129,0.9240683520989871,-1.7358720658005242,25.601836007011666
0.2661725437964443,-0.5184834478535753,0.40745000455376845,-0.9643455048584706,16.840142238465653
-1.9058663830003406,-0.15339978477448699,-1.922085903343612,1.2238990006815889,-88.94063113773959
-1.6584424542745348,0.7780095015858928,-0.14339563455571294,-0.9647214567641519,-76.85363195301552
-0.8077453242900977,0.47837563266548433,-0.5049758099582206,1.184799869833207,-29.19348976504592
-0.03354982283756177,0.5390661439432036,-0.8474833323642317,-0.11941559637959341,16.873401461840174
-0.07875741773772754,-0.37367221986836835,1.430770566457782,-0.6235262929856569,0.031377160060693576
-1.7248286525015066,-1.0188505468906444,1.6216743200215975,1.1426129664633606,-83.4721265180649
0.2580051225308571,-0.7602147790843581,-0.376443761476803,-0.1743881247898422,25.90427128099608
1.1287241039295777,-1.258961527502306,-1.428696913293046,-1.3456332191996303,56.14220915934173
0.4371148378667466,1.2466873552564428,0.6752613217587604,-0.4635621203865891,32.36322634180139
0.22066996782695625,-2.170781209362422,-0.24921231350386125,-0.916224918402299,10.06807741799385
1.2710177297423582,1.2535977882579898,0.147455284676123,-1.1659121003427941,52.03976058087454
-0.3078151573823392,0.2309498161192118,1.627140201906837,1.6497223709680313,-17.18929553596609
0.05790059665344009,-0.45614836778164697,-0.45708980602583393,0.2824892807966802,9.281460441914989
-0.38158154240453135,-0.3056852842706022,-0.8746043836377205,0.6923954527891116,-16.273548075954114
0.7995465590896026,-1.8696675734214356,0.000658708481828645,1.0807293518421368,30.56618341744243
-1.165427759644819,0.1272218819579866,0.37469280464175087,0.4604022816687217,-76.76459510005947
1.3866043994213122,1.1741949536303742,-0.9891211614165117,0.47416143472550654,66.41294209059373
-0.8110467501092148,1.1538932454546553,1.2817683982478631,-0.135495655599086,-28.89779916099778
-0.7984283256836349,1.2496384463587058,-0.9141475190832936,-0.340009218844274,-44.13720287383284
0.11271082798489415,-0.8174667959367652,0.17579314193150503,-0.1757003825309292,-6.90301331800141
-0.07795170429156366,-0.15389258258378505,0.5550562244609445,-0.38975720096999045,4.3526284573739495
0.8200856189910062,1.195126813405412,0.9681328504435986,-1.6656378746582743,30.438969566558853
-1.9503926275122951,0.9778514492852808,-2.0143280971639053,-0.3507051087726262,-107.7320637505824
1.0258824103244903,1.26824224074737,-1.2541258426965824,-1.1314001739855701,58.958465582635114
-2.296994811873582,0.43031619044243624,0.7489446813713184,0.2223337442838226,-107.76450454653472
-2.017697815015347,-0.5748638445319983,-0.1935831372490912,0.922664486277962,-89.07102685758201
0.8938806503959956,-0.4730390080847082,1.6466780983453089,-1.6972399520963737,45.379775910604266
0.08848759581749635,-2.535440779062129,0.07891222004760814,-0.8941057455467741,6.406445563454038
1.9650865813956953,-1.4791340049376231,-0.36156532201044145,-0.4690352163171023,101.40998516430021
-0.39706071723559744,0.36044221938872284,0.04186211086262664,0.01493254007533408,-28.53131400835657
-0.16504717731367832,0.2546954692299214,-0.27660951242896054,-0.6865340771647825,-12.44653279269835
-1.768405807220099,-1.3773714013592542,-1.9859523079363381,1.2769504172816637,-72.55919995907378
-1.8886753366441351,0.33398714662061607,1.3654733885207595,-1.2577047940323876,-76.24028334044782
0.6722375224070763,-1.6135935049241141,1.608879943938517,0.30494976678937513,32.95411784522674
0.2713777473600109,-1.1999003376941306,1.3577679671702878,0.8980310088563107,5.710128024255899
1.081683879866465,0.5381418170580496,0.749149986852129,1.0837776854298253,63.54094035806022
-1.2746827486928294,0.4554251957478848,-0.5594598892973347,-0.22093412056612466,-78.34188723028797
-1.3840229210745378,-0.22822599364063986,-0.9345834841195186,0.015459963560030206,-70.35266779722448
-0.9556786339468948,0.2769983151721663,0.5659077470491647,1.7056100013995785,-59.730804977591106
0.042025796123224476,0.6701952978596877,-0.16390478650821177,-2.8656306622719754,-2.1543272529501314
-1.4315092614635703,-0.4379733385709641,1.0675397524660595,-0.5810658066011223,-74.6003243182276
0.7177961528805895,-1.3104710055387503,-0.29923726609033047,-0.4332182660474991,29.587809495038517
-0.9082310620768543,1.5836871234616539,0.34005593922987615,1.5383569940654294,-43.17804468042733
-2.4703113750395778,-1.094833396898623,1.1181455970733436,-1.6433033319351713,-108.78542873401497
-0.47959383705083425,-0.2523165871853677,-0.578100014272615,2.534990555901737,-24.15942797391759
1.580889208418179,0.08018596542921222,-2.622256999207215,-0.9872500920158018,78.03751337106824
-0.21625981720350573,-1.4551544619408348,-0.0941343178352161,-0.938268263296529,-31.98852115772506
0.522621514080884,0.04391685620182259,-0.506953813570483,0.3981106666902083,32.52869634400707
0.2625691429656686,1.3347885966168733,-1.2564022868747662,1.0806941617980792,30.82521120906134
0.015197417824601711,-2.57357490250865,-0.31328934216007853,-0.06206932134440115,13.715269000332997
-1.1301653108120042,0.004924224585814925,2.704897914584336,-2.8763828380898175,-47.1038935172254
-0.4587101186585356,0.6184183319940496,-1.6176272798225895,-0.3291928656079862,-31.023089945381084
-0.39767643359457144,0.29157997562435667,-1.1165854971956235,0.9507007392110812,3.157685640664326
1.9478891905792586,-0.7132796928336268,0.6383568289958448,-0.4105980650483946,85.42707237034743
0.9712991372360875,-0.28044231209854753,-0.27203056432234846,-1.1204149414539157,54.23304756093618
0.893925942915567,1.0133921387198201,-0.43476191399321745,-0.04356100858483439,36.06913882724941
1.333296452398121,0.9922917224959612,0.96324440193742,0.814339201386261,73.23846739853198
0.00557311020225496,-0.21299539865006223,0.4689151139459208,1.6106685545310233,-0.559066158401452
1.0033433676894488,0.5452763150581519,0.010974688216426345,0.22755321502158496,40.93410674198089
1.3242386339624204,0.9220614604526617,-1.5799393674554605,-1.604100766087571,62.82454406936026
0.7586231686331592,-1.294714112776588,-0.08013581707195498,-1.7065097344777223,28.77539371325853
-1.8550534064135937,-0.41495892099672793,0.9722507627880351,-0.6126710051458113,-79.4226070031387
1.6531734345600844,-0.39354848230237505,-0.09873209022331567,-1.2599975193456345,75.51761534346348
0.019195157617773264,1.3067507167527057,-0.505765441409421,-0.6745337530063051,-0.819136317081209
-1.5132935127271878,0.13212805792753146,-0.8421468734231328,0.26232410949378737,-74.44150664680647
-0.8200778900773225,0.5544434952447023,0.899510554732847,-0.6878535099726976,-25.397596188794722
-1.7853755860087623,0.9881796238412064,0.021736059897373962,0.5696834650817657,-76.98305282349598
-0.8683564443213362,0.02170917773969856,-1.7436866823107673,-0.07573119027661047,-32.429430038335184
-0.3568276195020659,-1.2158961513979925,0.2730268298292926,1.688870285703671,-9.89652019715331
-1.5732113018238851,0.7878593925875622,0.35887960338462205,0.15567572383721373,-82.36519915378459
0.8004579411088343,0.41914844578545285,0.9620280646169147,1.1431863096829415,50.96126793938492
0.5675534859473108,0.9328921520639679,0.007688491323815931,-0.2192772613525778,15.624126781542488
-0.3646396634911095,0.7223208023949851,-0.341456856516385,-0.09358092444410947,0.7684051652992814
1.2878208556700865,0.532610754871144,1.199158252987133,-1.0610602037025378,62.0247396235424
-1.1343155635476105,-1.1842184784034844,-0.539784934880935,1.3978582107045117,-61.23962295569861
0.006059042480700457,0.13426248832124518,2.0971264634907287,0.9636922376206798,8.10408628343595
-0.7985150146031362,-0.45434331613087836,-0.21755944069978908,1.0940613186028278,-55.31578902898491
0.5548637698330463,0.1663029530948401,-0.10227673021547694,0.28465410456620416,32.84407392437401
-0.556100782247385,-0.671911695919423,0.5710633308226836,1.5383192918465731,-15.99367426229218
-1.8320750846244886,0.04384470294467753,0.8148133122938276,0.14696350930620775,-90.15444663738849
-1.6124325656923222,-0.27643218474287745,0.7868465073218435,0.66752218832985,-88.25653262435328
0.10868066591323629,0.09752142706987825,0.7872471493546667,-0.034083026010970685,6.245965716844661
-0.2474644947610282,-0.009236239955769174,-0.7638899140476827,-1.7925969444375427,-14.51137406197541
0.4951288179078585,-0.8993164889599742,0.9391131644054571,0.5764577091652241,37.73948584582965
-0.4303022765820438,0.47635726556484764,-2.030527264620107,1.0328415998224725,-25.824702252787553
-0.890342922517721,-0.318782422043616,1.0502109552729575,-1.6132957319866184,-32.94134155425427
1.1885632979577527,-0.7570635117137268,2.1109384852694277,0.7815964997746815,66.36237856567871
0.02092710220660971,1.1042274799854361,1.9602779419262653,1.9474154621486657,-21.24294602660576
1.0307399230805494,0.9473705764494619,2.0179793442934195,2.1169345638967703,41.38009102803754
-0.04150076815752287,0.42538286188049657,0.45049311951949583,1.3007519701827497,7.891827577675711
0.6765462325686838,0.27361133974362684,-0.162240831835198,-0.6072408796909733,26.151525868485543
-0.45538315197670387,0.9313401556587019,-0.059939268652226825,-0.9957802599008752,-21.67224064748006
0.12711645530609042,0.75285784825461,1.0189233055026594,-0.2046909252234125,12.463752981690924
0.5108275068476479,0.5018554040167027,1.2493344617105993,-0.6353159277575845,31.128515703917877
0.7604816277334602,1.4621671084656038,-1.4771064379323438,-2.0155139767765946,55.59536124684821
-0.6068754546513995,-1.5236722978638086,1.1474907049584266,0.05622802013841666,-40.3141214614611
-0.5386930219338816,-0.6621369610264074,2.256475570326228,-0.5118829337781771,-21.93568112343886
-0.4666701208738582,-0.38712708545878854,0.44037699512818285,0.4028875725043437,-16.315219065385456
-0.8544323592849914,0.3937801742268062,0.3526366810687228,-1.1282316358025573,-47.17711011611809
0.5099511765914374,-0.05076899843548752,0.017058039099852224,0.4108147540055951,22.671213488312798
0.6146952531006007,0.7775080366947889,-0.1808728959778026,0.9765720419073813,30.59375828323493
-0.6099678719033815,0.26153618397494305,0.6514564358591619,0.4306121351068127,-32.87203500368672
1.0502266176806463,-0.9822968884629655,-0.45930428816742946,1.1160025674570484,43.598806220945924
-0.44049743029602,-0.3344595549448812,0.6584856478238924,0.5425772775029035,-15.877782704686817
-0.6375092472216465,1.5193394215460359,1.4670301828022125,0.27366041097533067,-30.83192896537324
-1.23115141780522,-0.322826586743292,-0.967699920224926,0.6516364882158091,-52.7668861762114
-0.2868024383028534,0.6538554411414464,-0.8797647601633463,-1.3294624451557688,-10.547863800237883
0.5876176969237711,0.3933864863089354,0.6717336337793808,-0.021307643706005682,27.361029680404126
-0.6298929795353074,-1.3168097371943006,-0.4285918415511167,0.01737325095301741,-44.011123348525416
-0.056935173258475226,0.6214306750632682,2.4131976696952613,-1.09375682904288,-8.974940501071785
0.7023755247590494,0.4151393826167293,1.818244149062828,0.5484190738401652,41.555136286712774
0.5893505932416769,0.2710464332759571,1.7373886005493322,1.3961714431665921,11.036355154669518
0.45331243273518745,-0.6206702326074147,-0.0024860886498671232,-0.8336384431796496,31.723768851154553
-0.28108448439205996,0.11193701536299938,-0.42605677932052033,-1.7132246967497342,9.145655642901477
-0.07094805956941028,-1.4059784977821537,-0.1278570831688822,-0.13045782808531306,-11.409919135082134
-0.433716851892507,-0.24618100477018282,-2.5647402511349857,-1.186970728025266,-32.33566662086593
-0.2591527391516474,0.06871869107413538,0.45802002469440584,-0.9690417843048539,-9.955015777708375
0.6515621379581937,0.3485405215135538,-0.8578241708540735,1.3416526920719658,29.53531107428872
0.70800268366678,-0.502931565762594,1.1243170251319152,1.1880743817634702,25.771862877412094
-0.8352732192963753,-0.9795237665248017,1.001991035374968,0.06347933935477104,-24.29235671086576
-0.2568759495893775,0.1452580092059807,0.7697213205717358,1.8320207114069669,-5.09092651610173
0.41694558648375546,-0.05617272885659133,0.9782135731614385,-0.4844448157141047,19.0954740067474
2.454913479451208,-0.18931744337841963,0.6172816711416895,-0.9592456004578854,110.51639247000465
-0.0301193328855886,0.24132569778889026,0.7175780317506743,0.8690250869177133,-16.22331994286317
-1.103376964715989,-0.060463994150186925,0.726783127203988,0.012494527530423584,-60.73826894038264
0.044774218031568454,-0.5052085017573641,-0.008476678611985975,-2.3897623864317414,12.775776324967154
-0.9882618047905111,-1.0056276347878568,-0.42629232931800987,0.9573545057977824,-44.858907364847674
0.0023721958000511374,-1.8352378846931665,-0.7365064438562793,-0.6807110881795705,-7.313394403719377
-0.757214293279011,-1.2184546486026662,0.7312425909101163,1.8895803205058777,-52.706417743056264
-0.5600204517858264,0.7794415235103854,-1.8257596015886686,0.7592412904101629,-25.634443874913977
1.1968750022083625,0.7394886727795779,0.017057797012442637,-2.6212831827230434,58.09920896959317
-0.061689238276973764,-0.8546136628265618,-0.20023724992869488,-0.21185368753338676,-0.7248738473670957
-0.22022090602241454,-1.5213725915424618,0.35391437108029516,0.6530970473675043,-34.04730299088412
-0.5553862648933795,0.14575544995330877,0.03214878867240905,-0.45321989455759853,-25.275940091200304
-0.786492886683733,-0.5181457428394434,-0.37981603439835465,-0.06731114168681346,-44.0360155618797
-0.3239560310402824,0.2161083797998589,-0.07759965594831542,-1.1430215335843008,-3.5301738312221254
-3.2197560953598927,-0.18645937236505558,0.5418658188717672,0.6790535825435674,-152.5066633830976
0.6511239535258463,1.7445548705577532,1.1452352626085671,-0.8011469590584543,40.199676551355324
-0.34000432943490194,-1.7429132104484415,-1.0666285214126827,1.058388816497924,-9.345990457159603
0.7248593586239871,1.0120068760842045,-1.2584515621811272,-1.4084912002043095,31.97118143774611
0.35477567882770195,1.789908248723675,-0.6519332981953971,-0.6295057902735108,7.732324946499583
-0.6378239086712932,1.4487780357966509,-0.4540716023081805,0.21789324951978917,-38.14737070166282
1.5416488793673078,-0.9095991768256201,-0.185846498328497,-0.7090392327909649,73.57295675116816
-2.662349667825099,0.8395632538173845,-0.48468512696568805,-1.2215922738954494,-121.97082319316708
0.025443868225383342,-0.8096308344870773,-2.3642070522825853,0.8616991136231983,-11.591011249587172
0.03915018235800563,0.40422067619817237,-1.3584483672067722,-1.2148259675427195,12.261756390408582
-1.6147628717690814,-0.7395291980654123,-0.9646897814382833,1.541869346844564,-108.21359558564266
-0.3241433077406917,0.9207742155257262,0.9313763912406685,0.036706992668806934,-10.870330474154152
0.19715495560357593,-0.9910254997020624,-1.4455360314560377,0.4323563239848059,23.22329997308812
0.43198170304902683,2.509534320337388,-1.4643987661992073,1.187583386234322,27.177676994356172
-0.3246243860940871,0.12747001833634167,-0.2515496875969732,0.5815201821742056,-30.009261761343957
0.040909690236582766,-0.7403210641719619,-2.1926390035458616,1.0685555189757847,-21.02768273135562
0.3768547890442076,-2.4278540669095308,-2.7817811167295514,0.9568854710828616,11.630053263817471
-0.246514360510719,-1.322416836659688,1.7775059259140138,0.05613138211461774,-27.523475324869363
-1.3883557511861362,0.137707022477484,1.601556182734648,-0.06134781576906586,-62.27772512064412
-0.34063856937323284,-1.3564119561989254,-0.38441990149447436,-0.2840715616006966,-24.929833236113787
-2.3837804914869754,-1.0014772279882977,0.5435699665863172,0.17127357159841308,-116.20778252451684
-1.3539556891751212,-0.834984422355369,-0.14890976669384529,-0.4297233094464611,-72.83408195669396
-1.0677245277016196,-0.8433987880734739,-0.4808952451638135,-0.5437660305227381,-73.73825612316793
0.2779641229430085,0.590057838443314,-0.5468194573750561,-0.1269910354468794,13.222044335613674
-0.831754117572943,1.188102518726281,-0.25276414188076696,-0.6951673635863889,-28.331368477845626
-0.30248992934350055,-1.3992860000276328,0.6227698073360411,-0.06989349621398769,-21.60832922280537
-0.38493332446664136,0.06854869665300654,-1.295690735390467,1.008466791552627,-15.442906645298038
-1.6466204061080354,0.6523910203754858,0.13086243906580314,1.2169714153925086,-61.89347051819758
0.27220589884545926,-0.08778215727233953,-0.9640625869077667,0.6184535550552734,4.169082692456676
0.3933023728353682,-1.1360902291890147,-2.027407973349756,0.24637014685781403,10.359357682371188
0.38449577095187276,-0.08783818126901158,-0.056237115784966346,-0.231780588957579,16.244758518916043
-0.4949731817116661,-0.46508712694756504,-0.5604065744756956,1.3104277385782785,-44.29097233668098
-0.3752753632609028,0.36026745183119496,1.2433994008151614,-0.9033178996647884,-18.799298703107034
0.411907502098926,0.4889551764171933,0.8980855887612235,0.06716919985441294,22.13797840810961
-0.9007086964770296,-0.5332387922234072,1.2519035326812638,0.4283502527835644,-46.4902663918799
-0.624828456036609,-1.858440126817323,0.023905545421061374,-0.4901066084597044,-31.945532501711874
-1.8122158098350774,0.8229029608679227,0.6290456386172223,0.441754482055663,-83.35536229224918
-0.12393276600359278,0.8832986987434436,-0.7613390469855154,-0.2225601096275873,-4.2954020954493535
-1.7311992902341906,1.958123648765977,1.182436238381031,-1.359070754357073,-59.86645569373724
0.46438915441765055,0.21507907892706654,-1.1759271200860355,-0.028064725184715606,8.839931281227354
0.0188796570969947,1.1412571319848357,0.005502504194326506,0.6028196746395621,11.883649777679802
-0.7312066096413822,0.7306674991049583,0.11571407224915398,-3.5319366368592724,-45.802615853871785
-0.15882317631154538,1.5086376955300316,-1.9677092157530705,-0.7233051064005406,-27.002268963904648
-1.6747326228496995,0.7107307586716851,-0.7112588078472382,0.03038083351447303,-87.71246674319512
-0.04220953938865499,0.7964083348824516,-0.3898862875993993,-1.0250204669746736,3.9400899121959303
